{
  "description": "Dataset Normal: Distribusi pelanggan dan bobot merata",
  "locations": [
    "Hub Pusat Gedebage", "Jatinangor", "Cileunyi", "Cibiru", "Tanjungsari",
    "Ujung Berung", "Rancaekek", "Antapani", "Pamulihan", "Buah Batu", "Sumedang Selatan"
  ],
  "package_weights": [
    0, 2.5, 1.0, 3.0, 1.5, 5.0, 2.0, 1.2, 4.0, 3.5, 2.2
  ],
  "distance_matrix": [
    [ 0.0, 12.5, 10.2,  5.5, 18.0,  8.2, 12.0,  7.5, 25.0,  8.5, 38.0],
    [12.5,  0.0,  4.0,  8.5,  6.5, 12.5,  5.0, 15.0, 12.0, 20.0, 24.5],
    [10.2,  4.0,  0.0,  6.0, 10.5, 10.0,  5.5, 13.5, 16.0, 18.0, 28.0],
    [ 5.5,  8.5,  6.0,  0.0, 14.5,  4.5, 10.5,  8.0, 19.5, 12.5, 32.0],
    [18.0,  6.5, 10.5, 14.5,  0.0, 16.5, 12.0, 21.0,  6.0, 26.0, 18.5],
    [ 8.2, 12.5, 10.0,  4.5, 16.5,  0.0, 14.5,  6.5, 22.0, 10.5, 36.0],
    [12.0,  5.0,  5.5, 10.5, 12.0, 14.5,  0.0, 18.5, 16.5, 22.0, 31.0],
    [ 7.5, 15.0, 13.5,  8.0, 21.0,  6.5, 18.5,  0.0, 26.5,  6.0, 40.0],
    [25.0, 12.0, 16.0, 19.5,  6.0, 22.0, 16.5, 26.5,  0.0, 31.0, 12.5],
    [ 8.5, 20.0, 18.0, 12.5, 26.0, 10.5, 22.0,  6.0, 31.0,  0.0, 44.0],
    [38.0, 24.5, 28.0, 32.0, 18.5, 36.0, 31.0, 40.0, 12.5, 44.0,  0.0]
  ],
  "scenarios": { "subsidi": 5000, "krisis": 20000 }
}
